10.00 0.0611
11.00 0.0611
12.00 0.0611
13.00 0.0611
14.00 0.0611
15.00 0.0611
16.01 0.0611
17.01 0.0611
18.01 0.0611
19.01 0.0611
20.01 0.0611
21.01 0.0611
22.01 0.0611
23.01 0.0629
24.01 0.0647
25.01 0.0665
26.01 0.0682
27.01 0.0700
28.02 0.0718
29.02 0.0761
30.02 0.0809
31.02 0.0856
32.02 0.0904
33.02 0.0951
34.02 0.0999
35.02 0.1069
36.02 0.1146
37.02 0.1223
38.02 0.1299
39.02 0.1376
40.03 0.1453
41.03 0.1551
42.03 0.1657
43.03 0.1762
44.03 0.1867
45.03 0.1973
46.03 0.2078
47.03 0.2206
48.03 0.2340
49.03 0.2474
50.03 0.2607
51.03 0.2741
52.04 0.2874
53.04 0.3033
54.04 0.3195
55.04 0.3356
56.04 0.3517
57.04 0.3678
58.04 0.3842
59.04 0.4030
60.04 0.4218
61.04 0.4406
62.04 0.4594
63.04 0.4782
64.05 0.4980
65.05 0.5194
66.05 0.5409
67.05 0.5623
68.05 0.5837
69.05 0.6051
70.05 0.6284
71.05 0.6523
72.05 0.6763
73.05 0.7002
74.05 0.7242
75.05 0.7485
76.06 0.7749
77.06 0.8013
78.06 0.8278
79.06 0.8542
80.06 0.8806
81.06 0.9085
82.06 0.9373
83.06 0.9661
84.06 0.9949
85.06 1.0237
86.06 1.0529
87.06 1.0840
88.07 1.1151
89.07 1.1462
90.07 1.1773
91.07 1.2084
92.07 1.2412
93.07 1.2745
94.07 1.3078
95.07 1.3412
96.07 1.3745
97.07 1.4087
98.07 1.4441
99.07 1.4796
100.08 1.5150
101.08 1.5505
102.08 1.5862
103.08 1.6236
104.08 1.6611
105.08 1.6986
106.08 1.7360
107.08 1.7735
108.08 1.8127
109.08 1.8521
110.08 1.8915
111.08 1.9308
112.09 1.9702
113.09 2.0110
114.09 2.0522
115.09 2.0934
116.09 2.1345
117.09 2.1757
118.09 2.2181
119.09 2.2609
120.09 2.3038
121.09 2.3467
122.09 2.3895
123.09 2.4335
124.10 2.4779
125.10 2.5223
126.10 2.5667
127.10 2.6112
128.10 2.6567
129.10 2.7025
130.10 2.7484
131.10 2.7943
132.10 2.8401
133.10 2.8871
134.10 2.9343
135.10 2.9815
136.11 3.0287
137.11 3.0758
138.11 3.1242
139.11 3.1726
140.11 3.2209
141.11 3.2693
142.11 3.3178
143.11 3.3672
144.11 3.4166
145.11 3.4660
146.11 3.5154
147.11 3.5652
148.12 3.6155
149.12 3.6658
150.12 3.7161
151.12 3.7663
152.12 3.8172
153.12 3.8682
154.12 3.9192
155.12 3.9703
156.12 4.0214
157.12 4.0730
158.12 4.1246
159.12 4.1761
160.13 4.2277
161.13 4.2796
162.13 4.3316
163.13 4.3836
164.13 4.4356
165.13 4.4876
166.13 4.5399
167.13 4.5921
168.13 4.6443
169.13 4.6966
170.13 4.7489
171.13 4.8012
172.14 4.8535
173.14 4.9058
174.14 4.9581
175.14 5.0103
176.14 5.0625
177.14 5.1147
178.14 5.1669
179.14 5.2188
180.14 5.2707
181.14 5.3226
182.14 5.3745
183.14 5.4261
184.15 5.4775
185.15 5.5289
186.15 5.5803
187.15 5.6315
188.15 5.6822
189.15 5.7329
190.15 5.7836
191.15 5.8342
192.15 5.8840
193.15 5.9338
194.15 5.9836
195.15 6.0334
196.16 6.0822
197.16 6.1309
198.16 6.1796
199.16 6.2282
200.16 6.2760
201.16 6.3233
202.16 6.3706
203.16 6.4180
204.16 6.4644
205.16 6.5102
206.16 6.5559
207.16 6.6017
208.17 6.6466
209.17 6.6905
210.17 6.7345
211.17 6.7785
212.17 6.8215
213.17 6.8634
214.17 6.9053
215.17 6.9473
216.17 6.9881
217.17 7.0278
218.17 7.0674
219.17 7.1071
220.18 7.1454
221.18 7.1825
222.18 7.2197
223.18 7.2568
224.18 7.2922
225.18 7.3265
226.18 7.3609
227.18 7.3953
228.18 7.4273
229.18 7.4587
230.18 7.4900
231.18 7.5214
232.19 7.5496
233.19 7.5777
234.19 7.6057
235.19 7.6333
236.19 7.6578
237.19 7.6823
238.19 7.7068
239.19 7.7298
240.19 7.7505
241.19 7.7712
242.19 7.7919
243.19 7.8099
244.20 7.8264
245.20 7.8430
246.20 7.8596
247.20 7.8720
248.20 7.8842
249.20 7.8964
250.20 7.9073
251.20 7.9148
252.20 7.9223
253.20 7.9298
254.20 7.9342
255.20 7.9368
256.21 7.9393
257.21 7.9418
258.21 7.9403
259.21 7.9388
260.21 7.9372
261.21 7.9345
262.21 7.9301
263.21 7.9257
264.21 7.9213
265.21 7.9148
266.21 7.9077
267.21 7.9007
268.22 7.8932
269.22 7.8838
270.22 7.8743
271.22 7.8648
272.22 7.8542
273.22 7.8426
274.22 7.8310
275.22 7.8193
276.22 7.8060
277.22 7.7924
278.22 7.7788
279.22 7.7649
280.23 7.7496
281.23 7.7343
282.23 7.7190
283.23 7.7030
284.23 7.6862
285.23 7.6694
286.23 7.6526
287.23 7.6348
288.23 7.6167
289.23 7.5986
290.23 7.5805
291.23 7.5614
292.24 7.5423
293.24 7.5231
294.24 7.5038
295.24 7.4838
296.24 7.4639
297.24 7.4439
298.24 7.4236
299.24 7.4030
300.24 7.3824
301.24 7.3618
302.24 7.3410
303.24 7.3200
304.25 7.2990
305.25 7.2780
306.25 7.2568
307.25 7.2356
308.25 7.2144
309.25 7.1932
310.25 7.1720
311.25 7.1508
312.25 7.1296
313.25 7.1085
314.25 7.0875
315.25 7.0665
316.26 7.0455
317.26 7.0246
318.26 7.0040
319.26 6.9834
320.26 6.9628
321.26 6.9425
322.26 6.9225
323.26 6.9025
324.26 6.8825
325.26 6.8628
326.26 6.8436
327.26 6.8244
328.27 6.8052
329.27 6.7864
330.27 6.7682
331.27 6.7499
332.27 6.7317
333.27 6.7140
334.27 6.6969
335.27 6.6798
336.27 6.6627
337.27 6.6462
338.27 6.6304
339.27 6.6147
340.28 6.5989
341.28 6.5838
342.28 6.5695
343.28 6.5552
344.28 6.5409
345.28 6.5272
346.28 6.5146
347.28 6.5020
348.28 6.4894
349.28 6.4772
350.28 6.4664
351.28 6.4557
352.29 6.4449
353.29 6.4343
354.29 6.4255
355.29 6.4167
356.29 6.4079
357.29 6.3991
358.29 6.3923
359.29 6.3857
360.29 6.3790
361.29 6.3724
362.29 6.3674
363.29 6.3631
364.30 6.3587
365.30 6.3544
366.30 6.3513
367.30 6.3493
368.30 6.3474
369.30 6.3455
370.30 6.3442
371.30 6.3449
372.30 6.3455
373.30 6.3462
374.30 6.3469
375.30 6.3501
376.31 6.3535
377.31 6.3568
378.31 6.3602
379.31 6.3654
380.31 6.3716
381.31 6.3778
382.31 6.3840
383.31 6.3910
384.31 6.4002
385.31 6.4094
386.31 6.4186
387.31 6.4278
388.32 6.4397
389.32 6.4519
390.32 6.4642
391.32 6.4765
392.32 6.4902
393.32 6.5057
394.32 6.5212
395.32 6.5367
396.32 6.5522
397.32 6.5709
398.32 6.5897
399.32 6.6085
400.33 6.6274
401.33 6.6477
402.33 6.6700
403.33 6.6923
404.33 6.7145
405.33 6.7368
406.33 6.7622
407.33 6.7880
408.33 6.8139
409.33 6.8397
410.33 6.8666
411.33 6.8960
412.34 6.9255
413.34 6.9550
414.34 6.9844
415.34 7.0164
416.34 7.0496
417.34 7.0828
418.34 7.1160
419.34 7.1492
420.34 7.1862
421.34 7.2233
422.34 7.2603
423.34 7.2974
424.35 7.3355
425.35 7.3765
426.35 7.4175
427.35 7.4584
428.35 7.4994
429.35 7.5425
430.35 7.5874
431.35 7.6324
432.35 7.6774
433.35 7.7224
434.35 7.7703
435.35 7.8194
436.36 7.8685
437.36 7.9175
438.36 7.9666
439.36 8.0194
440.36 8.0726
441.36 8.1258
442.36 8.1790
443.36 8.2323
444.36 8.2898
445.36 8.3473
446.36 8.4047
447.36 8.4622
448.37 8.5200
449.37 8.5818
450.37 8.6435
451.37 8.7053
452.37 8.7671
453.37 8.8293
454.37 8.8955
455.37 8.9616
456.37 9.0278
457.37 9.0939
458.37 9.1604
459.37 9.2310
460.38 9.3016
461.38 9.3722
462.38 9.4427
463.38 9.5134
464.38 9.5885
465.38 9.6636
466.38 9.7386
467.38 9.8137
468.38 9.8888
469.38 9.8288
470.38 9.7556
471.38 9.6824
472.39 9.6092
473.39 9.5359
474.39 9.4627
475.39 9.3900
476.39 9.3174
477.39 9.2447
478.39 9.1720
479.39 9.0993
480.39 9.0268
481.39 8.9547
482.39 8.8826
483.39 8.8105
484.40 8.7384
485.40 8.6663
486.40 8.5945
487.40 8.5230
488.40 8.4516
489.40 8.3801
490.40 8.3086
491.40 8.2372
492.40 8.1663
493.40 8.0955
494.40 8.0247
495.40 7.9539
496.41 7.8831
497.41 7.8125
498.41 7.7424
499.41 7.6723
500.41 7.6022
501.41 7.5321
502.41 7.4620
503.41 7.3927
504.41 7.3233
505.41 7.2539
506.41 7.1846
507.41 7.1152
508.42 7.0464
509.42 6.9778
510.42 6.9093
511.42 6.8407
512.42 6.7721
513.42 6.7040
514.42 6.6363
515.42 6.5685
516.42 6.5008
517.42 6.4330
518.42 6.3657
519.42 6.2988
520.43 6.2319
521.43 6.1651
522.43 6.0982
523.43 6.0317
524.43 5.9658
525.43 5.8998
526.43 5.8339
527.43 5.7679
528.43 5.7025
529.43 5.6375
530.43 5.5726
531.43 5.5076
532.44 5.4426
533.44 5.3784
534.44 5.3144
535.44 5.2504
536.44 5.1865
537.44 5.1225
538.44 5.0596
539.44 4.9967
540.44 4.9338
541.44 4.8709
542.44 4.8083
543.44 4.7466
544.45 4.6848
545.45 4.6230
546.45 4.5612
547.45 4.5003
548.45 4.4397
549.45 4.3791
550.45 4.3185
551.45 4.2581
552.45 4.1987
553.45 4.1393
554.45 4.0799
555.45 4.0205
556.46 3.9621
557.46 3.9040
558.46 3.8458
559.46 3.7877
560.46 3.7301
561.46 3.6733
562.46 3.6165
563.46 3.5597
564.46 3.5030
565.46 3.4476
566.46 3.3921
567.46 3.3367
568.47 3.2812
569.47 3.2270
570.47 3.1730
571.47 3.1190
572.47 3.0650
573.47 3.0119
574.47 2.9594
575.47 2.9068
576.47 2.8543
577.47 2.8026
578.47 2.7515
579.47 2.7005
580.48 2.6495
581.48 2.5992
582.48 2.5497
583.48 2.5003
584.48 2.4508
585.48 2.4021
586.48 2.3543
587.48 2.3064
588.48 2.2586
589.48 2.2116
590.48 2.1654
591.48 2.1192
592.49 2.0730
593.49 2.0278
594.49 1.9833
595.49 1.9389
596.49 1.8944
597.49 1.8511
598.49 1.8084
599.49 1.7657
600.49 1.7229
601.49 1.6818
602.49 1.6408
603.49 1.5999
604.50 1.5591
605.50 1.5200
606.50 1.4808
607.50 1.4417
608.50 1.4032
609.50 1.3659
610.50 1.3287
611.50 1.2914
612.50 1.2553
613.50 1.2199
614.50 1.1845
615.50 1.1491
616.51 1.1155
617.51 1.0820
618.51 1.0486
619.51 1.0156
620.51 0.9841
621.51 0.9525
622.51 0.9210
623.51 0.8907
624.51 0.8611
625.51 0.8315
626.51 0.8020
627.51 0.7744
628.52 0.7468
629.52 0.7192
630.52 0.6924
631.52 0.6668
632.52 0.6411
633.52 0.6155
634.52 0.5916
635.52 0.5679
636.52 0.5443
637.52 0.5213
638.52 0.4996
639.52 0.4780
640.53 0.4563
641.53 0.4362
642.53 0.4165
643.53 0.3969
644.53 0.3776
645.53 0.3600
646.53 0.3423
647.53 0.3247
648.53 0.3083
649.53 0.2926
650.53 0.2769
651.53 0.2616
652.54 0.2478
653.54 0.2341
654.54 0.2203
655.54 0.2078
656.54 0.1960
657.54 0.1842
658.54 0.1726
659.54 0.1628
660.54 0.1529
661.54 0.1430
662.54 0.1342
663.54 0.1262
664.55 0.1182
665.55 0.1102
666.55 0.1041
667.55 0.0979
668.55 0.0918
669.55 0.0865
670.55 0.0822
671.55 0.0778
672.55 0.0735
673.55 0.0708
674.55 0.0683
675.55 0.0657
676.56 0.0638
677.56 0.0629
678.56 0.0621
679.56 0.0612
680.56 0.0611
681.56 0.0611
682.56 0.0612
683.56 0.0612
684.56 0.0613
685.56 0.0614
686.56 0.0615
687.56 0.0616
688.57 0.0617
689.57 0.0619
690.57 0.0620
691.57 0.0622
692.57 0.0623
693.57 0.0625
694.57 0.0626
695.57 0.0628
696.57 0.0630
697.57 0.0632
698.57 0.0633
699.57 0.0635
700.58 0.0637
701.58 0.0639
702.58 0.0641
703.58 0.0643
704.58 0.0645
705.58 0.0647
706.58 0.0649
707.58 0.0652
708.58 0.0654
709.58 0.0656
710.58 0.0658
711.58 0.0660
712.59 0.0662
713.59 0.0665
714.59 0.0667
715.59 0.0669
716.59 0.0671
717.59 0.0674
718.59 0.0676
719.59 0.0678
720.59 0.0681
721.59 0.0683
722.59 0.0685
723.59 0.0688
724.60 0.0690
725.60 0.0692
726.60 0.0695
727.60 0.0697
728.60 0.0700
729.60 0.0702
730.60 0.0704
731.60 0.0707
732.60 0.0709
733.60 0.0711
734.60 0.0714
735.60 0.0716
736.61 0.0719
737.61 0.0721
738.61 0.0724
739.61 0.0726
740.61 0.0728
741.61 0.0731
742.61 0.0733
743.61 0.0736
744.61 0.0738
745.61 0.0740
746.61 0.0743
747.61 0.0745
748.62 0.0748
749.62 0.0750
750.62 0.0752
751.62 0.0755
752.62 0.0757
753.62 0.0760
754.62 0.0762
755.62 0.0764
756.62 0.0767
757.62 0.0769
758.62 0.0772
759.62 0.0774
760.63 0.0776
761.63 0.0779
762.63 0.0781
763.63 0.0783
764.63 0.0786
765.63 0.0788
766.63 0.0790
767.63 0.0793
768.63 0.0795
769.63 0.0798
770.63 0.0800
771.63 0.0802
772.64 0.0804
773.64 0.0807
774.64 0.0809
775.64 0.0811
776.64 0.0814
777.64 0.0816
778.64 0.0818
779.64 0.0821
780.64 0.0823
781.64 0.0825
782.64 0.0827
783.64 0.0830
784.65 0.0832
785.65 0.0834
786.65 0.0836
787.65 0.0839
788.65 0.0841
789.65 0.0843
790.65 0.0845
791.65 0.0847
792.65 0.0850
793.65 0.0852
794.65 0.0854
795.65 0.0856
796.66 0.0858
797.66 0.0860
798.66 0.0863
799.66 0.0865
800.66 0.0867
801.66 0.0869
802.66 0.0871
803.66 0.0873
804.66 0.0875
805.66 0.0877
806.66 0.0879
807.66 0.0881
808.67 0.0883
809.67 0.0886
810.67 0.0888
811.67 0.0890
812.67 0.0892
813.67 0.0894
814.67 0.0896
815.67 0.0898
816.67 0.0900
817.67 0.0901
818.67 0.0903
819.67 0.0905
820.68 0.0907
821.68 0.0909
822.68 0.0911
823.68 0.0913
824.68 0.0915
825.68 0.0917
826.68 0.0919
827.68 0.0921
828.68 0.0923
829.68 0.0924
830.68 0.0926
831.68 0.0928
832.69 0.0930
833.69 0.0932
834.69 0.0934
835.69 0.0935
836.69 0.0937
837.69 0.0939
838.69 0.0941
839.69 0.0942
840.69 0.0944
841.69 0.0946
842.69 0.0947
843.69 0.0949
844.70 0.0951
845.70 0.0953
846.70 0.0954
847.70 0.0956
848.70 0.0957
849.70 0.0959
850.70 0.0961
851.70 0.0962
852.70 0.0964
853.70 0.0965
854.70 0.0967
855.70 0.0969
856.71 0.0970
857.71 0.0972
858.71 0.0973
859.71 0.0975
860.71 0.0976
861.71 0.0978
862.71 0.0979
863.71 0.0981
864.71 0.0982
865.71 0.0983
866.71 0.0985
867.71 0.0986
868.72 0.0988
869.72 0.0989
870.72 0.0991
871.72 0.0992
872.72 0.0993
873.72 0.0994
874.72 0.0996
875.72 0.0997
876.72 0.0998
877.72 0.1000
878.72 0.1001
879.72 0.1002
880.73 0.1004
881.73 0.1005
882.73 0.1006
883.73 0.1007
884.73 0.1008
885.73 0.1009
886.73 0.1011
887.73 0.1012
888.73 0.1013
889.73 0.1014
890.73 0.1015
891.73 0.1016
892.74 0.1017
893.74 0.1018
894.74 0.1019
895.74 0.1020
896.74 0.1021
897.74 0.1022
898.74 0.1023
899.74 0.1024
900.74 0.1025
901.74 0.1026
902.74 0.1027
903.74 0.1028
904.75 0.1029
905.75 0.1030
906.75 0.1031
907.75 0.1032
908.75 0.1032
909.75 0.1033
910.75 0.1034
911.75 0.1035
912.75 0.1035
913.75 0.1036
914.75 0.1037
915.75 0.1038
916.76 0.1038
917.76 0.1039
918.76 0.1040
919.76 0.1041
920.76 0.1041
921.76 0.1042
922.76 0.1042
923.76 0.1043
924.76 0.1043
925.76 0.1044
926.76 0.1044
927.76 0.1045
928.77 0.1045
929.77 0.1046
930.77 0.1047
931.77 0.1047
932.77 0.1048
933.77 0.1048
934.77 0.1048
935.77 0.1049
936.77 0.1049
937.77 0.1049
938.77 0.1050
939.77 0.1050
940.78 0.1050
941.78 0.1051
942.78 0.1051
943.78 0.1051
944.78 0.1051
945.78 0.1052
946.78 0.1052
947.78 0.1052
948.78 0.1052
949.78 0.1052
950.78 0.1052
951.78 0.1052
952.79 0.1052
953.79 0.1052
954.79 0.1053
955.79 0.1053
956.79 0.1053
957.79 0.1053
958.79 0.1053
959.79 0.1053
960.79 0.1052
961.79 0.1052
962.79 0.1052
963.79 0.1052
964.80 0.1052
965.80 0.1052
966.80 0.1051
967.80 0.1051
968.80 0.1051
969.80 0.1051
970.80 0.1051
971.80 0.1050
972.80 0.1050
973.80 0.1050
974.80 0.1049
975.80 0.1049
976.81 0.1048
977.81 0.1048
978.81 0.1048
979.81 0.1047
980.81 0.1047
981.81 0.1046
982.81 0.1046
983.81 0.1045
984.81 0.1045
985.81 0.1044
986.81 0.1043
987.81 0.1043
988.82 0.1042
989.82 0.1041
990.82 0.1041
991.82 0.1040
992.82 0.1039
993.82 0.1038
994.82 0.1038
995.82 0.1037
996.82 0.1036
997.82 0.1035
998.82 0.1034
999.82 0.1033
1000.83 0.1032
1001.83 0.1031
1002.83 0.1030
1003.83 0.1029
1004.83 0.1028
1005.83 0.1027
1006.83 0.1026
1007.83 0.1025
1008.83 0.1024
1009.83 0.1023
1010.83 0.1022
1011.83 0.1021
1012.84 0.1019
1013.84 0.1018
1014.84 0.1017
1015.84 0.1016
1016.84 0.1014
1017.84 0.1013
1018.84 0.1012
1019.84 0.1010
1020.84 0.1009
1021.84 0.1008
1022.84 0.1006
1023.84 0.1005
1024.85 0.1003
1025.85 0.1001
1026.85 0.1000
1027.85 0.0998
1028.85 0.0996
1029.85 0.0995
1030.85 0.0993
1031.85 0.0991
1032.85 0.0990
1033.85 0.0988
1034.85 0.0986
1035.85 0.0985
1036.86 0.0983
1037.86 0.0981
1038.86 0.0979
1039.86 0.0977
1040.86 0.0975
1041.86 0.0973
1042.86 0.0971
1043.86 0.0969
1044.86 0.0967
1045.86 0.0965
1046.86 0.0963
1047.86 0.0961
1048.87 0.0958
1049.87 0.0956
1050.87 0.0954
1051.87 0.0951
1052.87 0.0949
1053.87 0.0946
1054.87 0.0944
1055.87 0.0942
1056.87 0.0939
1057.87 0.0937
1058.87 0.0934
1059.87 0.0932
1060.88 0.0930
1061.88 0.0927
1062.88 0.0924
1063.88 0.0921
1064.88 0.0918
1065.88 0.0916
1066.88 0.0913
1067.88 0.0910
1068.88 0.0907
1069.88 0.0904
1070.88 0.0901
1071.88 0.0899
1072.89 0.0896
1073.89 0.0893
1074.89 0.0890
1075.89 0.0886
1076.89 0.0883
1077.89 0.0880
1078.89 0.0877
1079.89 0.0873
1080.89 0.0870
1081.89 0.0867
1082.89 0.0864
1083.89 0.0860
1084.90 0.0857
1085.90 0.0854
1086.90 0.0850
1087.90 0.0847
1088.90 0.0843
1089.90 0.0839
1090.90 0.0835
1091.90 0.0832
1092.90 0.0828
1093.90 0.0824
1094.90 0.0820
1095.90 0.0817
1096.91 0.0813
1097.91 0.0809
1098.91 0.0805
1099.91 0.0801
1100.91 0.0797
1101.91 0.0793
1102.91 0.0788
1103.91 0.0784
1104.91 0.0780
1105.91 0.0776
1106.91 0.0771
1107.91 0.0767
1108.92 0.0763
1109.92 0.0759
1110.92 0.0754
1111.92 0.0749
1112.92 0.0745
1113.92 0.0740
1114.92 0.0735
1115.92 0.0730
1116.92 0.0725
1117.92 0.0721
1118.92 0.0716
1119.92 0.0711
1120.93 0.0706
1121.93 0.0701
1122.93 0.0697
1123.93 0.0691
1124.93 0.0686
1125.93 0.0680
1126.93 0.0675
1127.93 0.0670
1128.93 0.0664
1129.93 0.0659
1130.93 0.0653
1131.93 0.0648
1132.94 0.0643
1133.94 0.0637
1134.94 0.0632
1135.94 0.0626
1136.94 0.0620
1137.94 0.0614
1138.94 0.0607
1139.94 0.0601
1140.94 0.0595
1141.94 0.0589
1142.94 0.0583
1143.94 0.0577
1144.95 0.0571
1145.95 0.0565
1146.95 0.0559
1147.95 0.0552
1148.95 0.0545
1149.95 0.0538
1150.95 0.0532
1151.95 0.0525
1152.95 0.0518
1153.95 0.0511
1154.95 0.0505
1155.95 0.0498
1156.96 0.0491
1157.96 0.0484
1158.96 0.0477
1159.96 0.0469
1160.96 0.0462
1161.96 0.0454
1162.96 0.0447
1163.96 0.0439
1164.96 0.0432
1165.96 0.0424
1166.96 0.0417
1167.96 0.0409
1168.97 0.0401
1169.97 0.0393
1170.97 0.0385
1171.97 0.0376
1172.97 0.0368
1173.97 0.0360
1174.97 0.0351
1175.97 0.0343
1176.97 0.0335
1177.97 0.0326
1178.97 0.0318
1179.97 0.0309
1180.98 0.0300
1181.98 0.0291
1182.98 0.0281
1183.98 0.0272
1184.98 0.0263
1185.98 0.0254
1186.98 0.0244
1187.98 0.0235
1188.98 0.0226
1189.98 0.0216
1190.98 0.0206
1191.98 0.0196
1192.99 0.0186
1193.99 0.0175
1194.99 0.0165
1195.99 0.0155
1196.99 0.0145
1197.99 0.0134
1198.99 0.0124
1199.99 0.0114
1200.99 0.0103
1201.99 0.0091
1202.99 0.0080
1203.99 0.0068
1205.00 0.0057
1206.00 0.0046
1207.00 0.0034
1208.00 0.0023
1209.00 0.0011
1210.00 0.0000
