320 0.0000 0.0000 0.0000
340 0.0000 0.0000 0.0000
360 0.0000 0.0000 0.0000
380 0.0014 0.0000 0.0065
400 0.0143 0.0004 0.0679
420 0.1344 0.0040 0.6456
440 0.3483 0.0230 1.7471
460 0.2908 0.0600 1.6692
480 0.0956 0.1390 0.8130
500 0.0049 0.3230 0.2720
520 0.0633 0.7100 0.0782
540 0.2904 0.9540 0.0203
560 0.5945 0.9950 0.0039
580 0.9163 0.8700 0.0017
600 1.0622 0.6310 0.0008
620 0.8544 0.3810 0.0002
640 0.4479 0.1750 0.0000
660 0.1649 0.0610 0.0000
680 0.0468 0.0170 0.0000
700 0.0114 0.0041 0.0000
720 0.0029 0.0010 0.0000
740 0.0007 0.0002 0.0000
760 0.0002 0.0001 0.0000
780 0.0000 0.0000 0.0000
