10.00 0.0000 0.0000 0.0065
60.00 0.0000 0.0000 0.0065
110.00 0.0000 0.0000 0.0000
160.00 0.0000 0.0000 0.0000
210.00 0.0000 0.0000 0.0000
260.00 0.0000 0.0000 0.0000
310.00 0.0000 0.0000 0.0000
360.00 0.0000 0.0000 0.0000
410.00 0.0000 0.0000 0.0000
460.00 0.0000 0.0000 0.0000
510.00 0.0000 0.0000 0.0000
560.00 0.0000 0.0000 0.0000
610.00 0.0000 0.0000 0.0000
660.00 0.0000 0.0000 0.0000
710.00 0.0000 0.0000 0.0000
760.00 0.0000 0.0000 0.0000
810.00 0.0000 0.0000 0.0000
860.00 0.0000 0.0000 0.0044
910.00 0.0287 0.0004 0.3782
960.00 0.3051 0.0317 1.6719
1010.00 0.0725 0.4253 0.3782
1060.00 0.4976 1.0107 0.0044
1110.00 1.0593 0.4253 0.0000
1160.00 0.1160 0.0317 0.0000
1210.00 0.0002 0.0004 0.0000