2000 0.00000 0.00000 0.00000
2020 0.00000 0.00000 0.00000
2040 0.00000 0.00000 0.00000
2060 0.00000 0.00000 0.00000
2080 0.00000 0.00000 0.00000
2100 0.00000 0.00000 0.00000
2120 0.00000 0.00000 0.00000
2140 0.00000 0.00000 0.00000
2160 0.00000 0.00000 0.00000
2180 0.00000 0.00000 0.00000
2200 0.20888 0.00000 0.00000
2220 0.52416 0.00000 0.00000
2240 0.79224 0.00462 0.00000
2260 0.88060 0.15290 0.00000
2280 0.69465 0.40804 0.00000
2300 0.35930 0.63097 0.00000
2320 0.05542 0.67083 0.00000
2340 0.00000 0.35616 0.00000
2360 0.00000 0.03044 0.00000
2380 0.00000 0.00027 0.00000
2400 0.00000 0.00142 0.00000
2420 0.00000 0.00290 0.00000
2440 0.00000 0.00411 0.00000
2460 0.00000 0.00443 0.00000
2480 0.00000 0.00327 0.00000
2500 0.00000 0.00000 0.00000