380 0.0000 0.0000 0.0000
385 0.0000 0.0000 0.0102
390 0.0000 0.0000 0.0407
395 0.0000 0.0000 0.0916
400 0.0000 0.0000 0.1630
405 0.0000 0.0000 0.2553
410 0.0000 0.0000 0.3674
415 0.0000 0.0000 0.4986
420 0.0000 0.0000 0.6468
425 0.0000 0.0000 0.8095
430 0.0000 0.0000 0.9831
435 0.0000 0.0000 1.1626
440 0.0000 0.0000 1.3420
445 0.0000 0.0000 1.5138
450 0.0000 0.0000 1.6699
455 0.0000 0.0000 1.8004
460 0.0000 0.0000 1.8969
465 0.0000 0.0000 1.9505
470 0.0000 0.0000 1.9508
475 0.0000 0.0000 1.8772
480 0.0000 0.0000 1.7342
485 0.0000 0.0000 1.5333
490 0.0000 0.0000 1.2902
495 0.0052 0.0000 1.0242
500 0.0278 0.0000 0.7570
505 0.0719 0.0000 0.5101
510 0.1369 0.0000 0.3036
515 0.2114 0.0000 0.1534
520 0.2767 0.0000 0.0719
525 0.3214 0.0000 0.0583
530 0.3445 0.0000 0.0563
535 0.3497 0.0000 0.0526
540 0.3387 0.0000 0.0475
545 0.3075 0.0000 0.0416
550 0.2519 0.0000 0.0352
555 0.1763 0.0000 0.0287
560 0.1003 0.0000 0.0223
565 0.0439 0.0000 0.0163
570 0.0120 0.0000 0.0110
575 0.0004 0.0000 0.0065
580 0.0000 0.0000 0.0031
585 0.0000 0.0000 0.0009
590 0.0000 0.0000 0.0000
595 0.0000 0.0324 0.0000
600 0.0000 0.1058 0.0000
605 0.0000 0.1947 0.0000
610 0.0000 0.2913 0.0000
615 0.0000 0.3917 0.0000
620 0.0000 0.4937 0.0000
625 0.0000 0.5956 0.0000
630 0.0000 0.6960 0.0000
635 0.0000 0.7935 0.0000
640 0.0000 0.8867 0.0000
645 0.0000 0.9740 0.0000
650 0.0000 1.0531 0.0000
655 0.0000 1.1207 0.0000
660 0.0194 1.1718 0.0000
665 0.0879 1.1968 0.0000
670 0.2019 1.1691 0.0000
675 0.3536 1.1066 0.0000
680 0.5340 1.0162 0.0000
685 0.7311 0.9075 0.0000
690 0.9288 0.7928 0.0000
695 1.1068 0.6818 0.0000
700 1.2387 0.5796 0.0000
705 1.2903 0.4881 0.0000
710 1.2516 0.4076 0.0000
715 1.1327 0.3372 0.0000
720 0.9570 0.2762 0.0000
725 0.7695 0.2235 0.0000
730 0.5997 0.1781 0.0000
735 0.4563 0.1392 0.0000
740 0.3395 0.1066 0.0000
745 0.2453 0.0790 0.0000
750 0.1710 0.0563 0.0000
755 0.1127 0.0382 0.0000
760 0.0688 0.0238 0.0000
765 0.0370 0.0131 0.0000
770 0.0160 0.0057 0.0000
775 0.0042 0.0014 0.0000
780 0.0000 0.0000 0.0000
